0
3
0
2
1257
557
700
595
110
920
0
560
900
0
0
0
0
0
0
0
0
0
0
330
100
1
3
420
100
1
3
510
100
1
3
600
100
1
3
690
100
1
3
780
100
1
3
870
100
1
3
960
100
1
3
1050
100
1
3
1140
100
1
3

330
170
1
2
420
170
1
2
510
170
1
2
600
170
1
2
690
170
1
2
780
170
1
2
870
170
1
2
960
170
1
2
1050
170
1
2
1140
170
1
2

330
240
1
2
420
240
1
2
510
240
1
2
600
240
1
2
690
240
1
2
780
240
1
2
870
240
1
2
960
240
1
2
1050
240
1
2
1140
240
1
2

330
310
1
1
420
310
1
1
510
310
1
1
600
310
1
1
690
310
1
1
780
310
1
1
870
310
1
1
960
310
1
1
1050
310
1
1
1140
310
1
1

330
380
1
1
420
380
1
1
510
380
1
1
600
380
1
1
690
380
1
1
780
380
1
1
870
380
1
1
960
380
1
1
1050
380
1
1
1140
380
1
1

50
4
1
0
0
60
0
0
